image: carto_3d.pgm
resolution: 0.020000
origin: [-2.935968, -23.500313, 0.000000]
negate: 0
occupied_thresh: 0.65
free_thresh: 0.196

