image: my_map_huang.pgm
resolution: 0.050000
origin: [-1.907345, -23.566788, 0.000000]
negate: 0
occupied_thresh: 0.65
free_thresh: 0.196

